function cols=coltable()
cols=[0 0 1; 0 1 0; 1 0 0; .5 .5 1; 1 .2 .5; 1 1 0; 0 0 0];

